00000000,-0.0012,-0.028320,-0.974609,-2.082825,1.564026,-0.663757
00000051,-0.0244,-0.042236,-0.952148,-3.913879,5.233765,3.646851
00000101,-0.0087,-0.020752,-0.977051,-1.304626,0.534058,0.518799
00000152,0.0137,0.000732,-0.963623,-3.684998,-0.160217,3.639221
00000203,-0.0395,-0.007813,-0.954346,-4.554749,7.308960,2.868652
00000254,-0.0532,-0.182861,-1.140137,-3.295898,4.409790,27.404785
00000304,0.0115,-0.003906,-0.980713,-1.235962,2.548218,1.571655
00000355,0.0091,-0.011963,-1.001221,4.234314,6.004333,-4.447937
00000406,0.0040,-0.012939,-0.982910,-3.807068,-2.220154,4.272461
00000457,-0.0312,0.045898,-0.918213,-14.167786,0.511169,-0.915527
00000507,0.0005,0.029785,-0.965088,-4.386902,1.434326,0.587463
00000558,0.0064,0.012939,-0.988281,-1.464844,3.738403,-1.274109
00000609,-0.0637,-0.028809,-0.972900,-2.319336,4.440308,-1.518250
00000659,-0.0258,-0.012451,-0.939453,-1.327515,5.401611,-4.089355
00000710,0.0154,-0.059814,-0.942139,-13.305664,5.500793,-2.113342
00000761,0.0369,-0.024414,-0.977539,2.273560,6.439209,1.266479
00000812,0.0403,0.008057,-0.946533,-0.717163,2.708435,0.389099
00000862,0.0513,-0.057129,-0.986328,13.389587,4.371643,3.868103
00000913,0.0770,-0.108398,-0.968506,5.538940,7.545471,-3.425598
00000964,0.0589,-0.227295,-0.979248,3.303528,-1.220703,1.991272
00001015,0.0572,-0.158203,-0.952881,-2.235413,3.410339,7.324219
00001065,0.0206,-0.165283,-0.918945,-2.204895,-1.960754,3.562927
00001116,0.0462,-0.161133,-0.954590,-3.860474,4.867554,1.708984
00001167,0.0648,-0.171631,-0.957520,-3.662109,2.128601,-3.028870
00001218,0.0604,-0.148193,-0.970947,-2.464294,0.968933,-0.244141
00001268,0.0777,-0.152588,-0.974365,-3.845215,3.646851,-1.106262
00001319,0.1070,-0.111816,-0.979980,-4.219055,1.235962,-0.198364
00001370,0.0421,-0.102051,-0.964844,-3.517151,2.410889,-1.670837
00001420,0.0860,-0.137207,-0.963135,-2.288818,2.319336,-2.578735
00001471,0.0606,-0.040527,-0.965576,-2.487183,1.937866,-0.526428
00001522,0.0809,-0.111816,-0.991699,1.235962,5.165100,-4.661560
00001573,0.0777,-0.145020,-0.950684,-6.675720,-0.961304,-3.410339
00001623,0.0818,-0.100098,-0.959229,-5.729675,-2.105713,-2.220154
00001674,0.0567,-0.022949,-0.971436,-6.317139,-4.325867,2.929688
00001725,0.0128,-0.057373,-0.952393,-8.018494,0.267029,-2.418518
00001776,0.0128,-0.057373,-0.952393,-8.018494,0.267029,-2.418518
00001877,0.0567,-0.027100,-0.931641,-6.027222,-4.829407,-2.861023
00001927,-0.0016,-0.000244,-0.999023,-8.689880,4.570007,-7.080078
00001978,0.0447,-0.011963,-0.951416,-7.148743,-0.740051,-6.027222
00002029,0.0032,0.048096,-0.964111,-8.010864,-1.579285,0.701904
00002079,-0.0009,0.076416,-0.991699,2.868652,2.952576,4.119873
00002130,-0.0314,0.052734,-0.977295,-9.971619,-0.389099,3.311157
00002181,0.0289,0.087891,-0.970703,-0.656128,12.535095,1.106262
00002232,0.0284,0.058838,-0.937012,-8.926392,0.740051,2.815247
00002282,0.0782,0.018311,-0.956055,5.592346,1.937866,8.796692
00002333,0.1009,0.054932,-1.040527,-0.450134,1.060486,3.746033
00002384,0.0340,0.015137,-0.978516,1.983643,1.663208,-0.442505
00002435,-0.5617,-0.551270,-2.364502,117.576599,74.607849,-52.482605
00002485,-0.0056,-0.039063,-0.988525,-4.516602,2.929688,-1.075745
00002536,-0.0004,-0.056641,-0.982178,-2.090454,2.418518,-1.113892
00002587,-0.0073,-0.019043,-0.976807,-2.723694,1.342773,-1.739502
00002638,-0.0236,-0.016846,-0.979248,-3.082275,1.945496,-1.739502
00002688,-0.0078,-0.024414,-0.966797,-2.418518,2.143860,-1.411438
00002739,-0.0075,-0.031738,-0.988770,-0.633240,3.181458,0.892639
00002790,-0.0158,-0.038086,-0.987305,-1.205444,2.738953,0.854492
00002841,-0.0080,0.005371,-0.964844,-1.060486,2.799988,0.213623
00002891,-0.0407,-0.033447,-0.969238,-2.052307,2.304077,0.022888
00002942,0.0113,-0.023193,-0.973389,-1.922607,2.571106,0.289917
00002993,0.0215,-0.018311,-0.984131,-2.105713,1.800537,0.968933
00003043,0.0284,-0.025146,-0.980713,-2.861023,1.976013,-1.182556
00003094,0.0193,-0.036865,-0.973145,-1.419067,3.067017,0.434875
00003145,0.0010,-0.019531,-0.960449,-1.037598,3.341675,0.976563
00003196,-0.0073,-0.031006,-0.969482,-1.953125,2.487183,-0.564575
00003246,-0.0104,-0.017334,-0.998291,-0.732422,3.593445,0.160217
00003297,0.0069,-0.010986,-0.958252,-1.533508,2.548218,-0.106812
00003348,-0.0046,-0.015869,-0.972412,-1.464844,1.152039,0.244141
00003399,0.0179,-0.014404,-0.953369,-1.739502,2.540588,-0.633240
00003449,-0.0036,-0.015869,-0.983643,-1.365662,1.762390,-0.572205
00003500,-0.0182,-0.031738,-0.972412,-2.334595,3.295898,-0.312805
00003551,0.0001,-0.022705,-0.977539,-2.220154,4.112244,0.915527
00003602,-0.0131,-0.028564,-0.962402,-1.144409,3.097534,0.038147
00003652,-0.0197,-0.036865,-0.973389,-0.656128,3.082275,-2.426147
00003703,0.0005,-0.010742,-0.977539,-0.976563,3.334045,-0.335693
00003754,-0.0141,-0.008057,-0.984375,-1.869202,2.388000,-0.442505
00003805,0.0115,0.005371,-0.987061,-0.381470,5.073547,-0.236511
00003855,0.0120,-0.023682,-0.963623,-2.082825,2.372742,-1.487732
00003906,-0.0053,-0.017090,-0.959961,-2.212524,2.578735,-0.556946
00003957,-0.0209,-0.029297,-0.983154,-2.029419,2.639771,-1.174927
00004008,0.0150,-0.022705,-0.970703,-2.555847,2.685547,-1.785278
00004058,0.0118,-0.006348,-0.977783,-2.059937,1.937866,-0.030518
00004109,0.0032,0.000977,-0.969727,-2.388000,1.960754,-1.335144
00004160,0.0296,-0.055664,-0.973145,-2.044678,2.815247,-1.846313
00004211,0.0255,-0.009277,-0.978027,-3.158569,2.487183,-0.267029
00004261,0.0333,0.002197,-0.967773,-2.929688,1.739502,-0.633240
00004312,-0.0014,-0.006592,-0.975342,-2.334595,2.281189,0.328064
00004363,0.0125,-0.029053,-0.976318,-3.639221,2.052307,-0.640869
00004414,0.0001,-0.046631,-0.976807,-2.220154,2.227783,-1.014709
00004464,0.0147,-0.018799,-0.989502,-2.395630,1.770020,-0.595093
00004515,0.0159,-0.006348,-0.964111,-2.189636,3.013611,-0.205994
00004566,0.0098,-0.045166,-0.999268,-2.098083,2.456665,-0.312805
00004617,0.0274,-0.007568,-0.997314,-2.281189,1.167297,-1.029968
00004667,0.0291,-0.060303,-0.958008,-1.274109,3.219604,-0.976563
00004718,0.0147,-0.028564,-0.986572,-2.639771,1.564026,-1.373291
-0005918,0.0000,0.000000,0.000000,0.000000,0.000000,0.000000
-0005918,0.0000,0.000000,0.000000,0.000000,0.000000,0.000000