00000000,0.0251,-0.034119,-0.989929,-0.373840,-0.602722,-9.582520
00000051,0.0226,0.006165,-0.986755,0.282288,-0.755310,-9.735107
00000101,0.0405,-0.014587,-0.979919,0.114441,-0.930786,-8.956909
00000152,0.0060,-0.012390,-0.979919,0.068665,0.022888,-8.392334
00000203,0.0263,0.002747,-1.010437,-0.106812,-0.213623,-9.300232
00000253,0.0099,0.018127,-0.969910,0.076294,-0.137329,-10.696411
00000304,0.0322,0.006409,-0.997253,-0.457764,-1.792908,-9.536743
00000355,0.0209,-0.018250,-0.974548,-0.564575,-0.839233,-8.827209
00000406,0.0319,-0.016052,-0.981140,-0.213623,-0.381470,-8.964539
00000456,0.0434,-0.017517,-0.986023,0.862122,-0.076294,-8.972168
00000507,0.0407,-0.010681,-0.978943,0.228882,-0.305176,-9.277344
00000558,-0.0074,0.019348,-0.980896,0.358582,-0.740051,-9.346008
00000609,-0.0052,-0.024597,-0.967224,-0.923157,1.129150,-8.857727
00000659,-0.0150,-0.010193,-0.970642,0.877380,-1.411438,-9.307861
00000710,0.0151,0.005676,-0.986267,-1.754761,1.296997,-9.529114
00000761,-0.0311,-0.012634,-1.145447,34.622192,-23.941040,0.305176
00000812,-0.0530,-0.090027,-0.772156,-34.027100,5.210876,-10.536194
00000862,-0.5577,-0.506531,-3.612244,22.140503,38.833618,-18.470764
00000913,0.0212,-0.016785,-1.009705,1.281738,0.091553,-9.994507
00000964,0.0139,-0.015076,-0.983337,0.976563,0.099182,-10.810852
00001015,0.0339,-0.000671,-0.966492,0.762939,-1.007080,-8.811951
00001065,0.0068,-0.021912,-0.972351,0.122070,-0.061035,-8.979797
00001116,0.0070,-0.005798,-0.976257,-0.404358,-0.526428,-10.177612
00001167,0.0224,-0.003357,-0.975525,0.228882,-0.534058,-8.422852
00001217,0.0078,0.006409,-1.047302,-33.958435,-5.706787,0.770569
00001268,0.0231,0.090881,-1.106140,60.081482,1.464844,-13.427734
00001319,0.0046,-0.022156,-0.953064,-67.321777,-3.311157,-13.198853
00001370,0.0488,-0.018494,-1.077087,0.747681,-7.858276,-3.051758
00001420,0.0446,-0.035583,-0.981628,-1.296997,-2.891541,-10.231018
00001471,0.0319,0.005188,-0.988464,-0.343323,-0.160217,-8.682251
00001522,0.0358,-0.008972,-0.985046,-5.828857,-4.844666,-11.741638
00001573,0.0002,-0.043884,-0.995056,-2.304077,-1.739502,-9.201050
00001623,0.0261,0.002747,-0.984802,1.579285,0.244141,-8.804321
00001674,0.0195,0.018372,-0.995789,1.022339,0.793457,-10.269165
00001725,0.0331,0.011780,-0.958679,1.014709,0.473022,-8.987427
00001776,0.0229,-0.007019,-0.971863,2.410889,0.404358,-15.220642
00001826,0.0522,0.023010,-0.989441,-4.280090,-2.342224,-11.405945
00001877,0.0268,-0.025085,-0.982361,-0.015259,-1.121521,-9.140015
00001928,-0.0025,0.021057,-0.962341,0.106812,-0.816345,-10.345459
00001978,0.0309,0.026917,-0.980408,0.099182,-0.114441,-9.536743
00002029,0.0078,-0.003601,-0.977234,0.701904,0.091553,-10.185242
00002080,0.0373,-0.007507,-0.980896,-0.213623,-0.564575,-10.551453
00002131,0.0392,0.006165,-0.985779,-0.236511,-0.823975,-10.047913
00002181,0.0385,0.010071,-0.970886,-0.007629,-0.518799,-8.956909
00002232,0.0424,-0.027771,-0.972839,-0.259399,-0.595093,-8.842468
00002283,0.0248,0.006165,-0.980896,0.030518,-0.389099,-9.490967
00002334,0.0151,-0.008240,-0.981384,0.373840,-0.267029,-9.635925
00002384,0.0036,-0.022644,-0.995056,0.267029,-0.350952,-9.422302
00002435,0.0163,-0.003845,-0.982849,0.099182,-0.137329,-8.079529
00002486,0.0322,-0.013855,-0.993835,-0.816345,-0.572205,-9.353638
00002536,-0.0042,0.018127,-0.992615,0.335693,-0.602722,-8.750916
00002587,0.0092,0.009827,-0.979919,-0.770569,-0.022888,-8.956909
00002638,0.0427,-0.004333,-0.989685,0.122070,-0.144958,-8.949280
00002689,0.0107,0.005920,-0.987488,-0.419617,-1.327515,-9.033203
00002739,0.0314,-0.015564,-0.996765,0.816345,-0.122070,-8.735657
00002790,0.0092,-0.031677,-0.988953,0.762939,-0.350952,-8.956909
00002841,0.0024,0.023499,-0.972107,-0.717163,-0.755310,-8.171082
00002892,0.0329,-0.007019,-0.992126,-0.259399,-0.793457,-8.888245
00002942,0.0065,-0.015076,-0.989197,0.366211,-0.282288,-9.391785
00002993,0.0207,-0.023376,-0.960876,1.068115,-0.152588,-8.316040
00003044,0.0126,0.017151,-1.000671,0.007629,-0.007629,-9.140015
00003095,0.0107,0.005432,-0.983093,0.892639,-0.511169,-7.911682
00003145,0.0251,-0.051697,-0.996033,-0.236511,-0.968933,-9.864807
00003196,0.0226,-0.005798,-0.985535,0.495911,-0.068665,-9.429932
00003247,0.0058,0.015442,-1.000427,-0.457764,-0.747681,-10.246277
00003297,0.0356,0.014465,-0.993591,0.373840,-0.503540,-8.934021
00003348,0.0117,0.012512,-0.974304,-0.366211,-0.892639,-9.056091
00003399,0.0175,-0.031921,-1.009949,-0.076294,-0.793457,-8.689880
00003450,-0.0045,0.019592,-0.982849,1.144409,0.602722,-9.078979
00003500,0.0417,0.014221,-0.985535,-0.129700,-0.442505,-8.972168
00003551,0.0417,0.014221,-0.985535,-0.129700,-0.442505,-8.972168
00003652,0.0270,0.011292,-0.987732,0.938416,-0.228882,-8.941650
00003703,-0.0035,-0.015808,-0.973328,0.144958,-0.839233,-9.254456
00003754,0.0373,-0.018494,-0.978455,0.595093,-0.617981,-9.880066
00003804,0.0585,0.008118,-0.999451,0.030518,-0.587463,-9.346008
00003855,0.0117,0.010315,-0.995789,-0.740051,-0.602722,-10.345459
00003906,0.0182,0.027161,-0.991638,-0.160217,-0.053406,-9.529114
00003957,0.0475,0.014954,-0.995300,0.190735,-0.358582,-9.674072
00004007,0.0114,-0.014343,-0.967957,-0.106812,-0.396729,-8.934021
00004058,0.0287,0.017395,-1.010681,0.076294,-0.473022,-10.192871
00004109,0.0204,0.005432,-0.969910,0.679016,-0.114441,-9.574890
00004159,0.0217,-0.012390,-0.988464,0.785828,-0.076294,-8.819580
00004210,0.0283,-0.000427,-0.994812,-0.602722,-1.098633,-9.529114
00004261,0.0378,-0.001892,-0.986755,-0.251770,-0.953674,-10.261536
00004312,0.0046,-0.011169,-0.982361,-0.236511,-0.839233,-8.728027
00004362,0.0346,-0.003113,-0.977234,1.502991,0.236511,-8.995056
00004413,0.0134,-0.031921,-0.966980,-0.411987,-0.503540,-9.040833
00004464,0.0473,-0.021667,-0.979675,0.335693,-0.694275,-9.674072
00004515,0.0234,-0.002869,-0.973572,0.473022,-0.434875,-10.093689
00004565,0.0182,-0.026550,-0.977966,0.556946,-0.190735,-9.223938
00004616,0.0056,-0.031189,-0.989685,-1.014709,0.709534,-10.078430
00004667,0.0185,-0.003601,-0.983093,0.923157,-1.083374,-8.232117
00004718,0.0195,0.003967,-1.001160,-0.770569,-0.617981,-9.391785
00004768,0.0136,-0.003845,-0.978699,-0.228882,-0.312805,-8.995056
-0002863,0.0000,0.000000,0.000000,0.000000,0.000000,0.000000
-0002863,0.0000,0.000000,0.000000,0.000000,0.000000,0.000000
-0002863,0.0000,0.000000,0.000000,0.000000,0.000000,0.000000
-0002863,0.0000,0.000000,0.000000,0.000000,0.000000,0.000000
-0002863,0.0000,0.000000,0.000000,0.000000,0.000000,0.000000
-0002863,0.0000,0.000000,0.000000,0.000000,0.000000,0.000000
-0002863,0.0000,0.000000,0.000000,0.000000,0.000000,0.000000
-0002863,0.0000,0.000000,0.000000,0.000000,0.000000,0.000000
-0002863,0.0000,0.000000,0.000000,0.000000,0.000000,0.000000
-0002863,0.0000,0.000000,0.000000,0.000000,0.000000,0.000000
-0002863,0.0000,0.000000,0.000000,0.000000,0.000000,0.000000
-0002863,0.0000,0.000000,0.000000,0.000000,0.000000,0.000000
-0002863,0.0000,0.000000,0.000000,0.000000,0.000000,0.000000
-0002863,0.0000,0.000000,0.000000,0.000000,0.000000,0.000000
-0002863,0.0000,0.000000,0.000000,0.000000,0.000000,0.000000
-0002863,0.0000,0.000000,0.000000,0.000000,0.000000,0.000000