00000000,0.0188,0.009583,-0.982727,1.647949,0.289917,-0.328064
00000051,0.0125,-0.005310,-0.996399,0.686646,0.053406,-0.617981
00000101,-0.0383,-0.033875,-0.987122,1.853943,0.228882,0.305176
00000152,-0.0486,-0.011169,-0.996155,1.701355,0.686646,6.126404
00000203,0.0098,0.010071,-0.972717,0.465393,0.114441,-1.419067
00000254,-0.0420,-0.063171,-0.971008,0.625610,-0.160217,-19.973755
00000304,-0.0112,-0.040466,-0.962219,0.709534,0.518799,0.595093
00000355,0.0183,-0.032166,-0.997375,1.449585,-0.213623,-2.700806
00000406,-0.0239,-0.024841,-0.948303,0.923157,0.381470,1.762390
00000457,-0.0039,-0.017761,-0.997864,0.518799,-0.732422,1.098633
00000507,-0.0125,0.007629,-1.001282,0.534058,0.022888,0.297546
00000558,-0.0247,-0.003601,-0.990295,0.701904,0.869751,4.234314
00000609,-0.0461,-0.054382,-0.932678,-6.477356,0.816345,8.926392
00000659,0.0073,-0.014587,-0.973938,3.295898,1.502991,0.968933
00000710,-0.0161,0.001282,-0.990051,-1.762390,-4.142761,-1.113892
00000761,-0.0735,0.595032,-1.694397,234.901428,80.871582,50.468445
00000812,0.0635,0.011292,-1.087219,-3.082275,-51.628113,25.634766
00000863,0.0532,-0.109314,-1.163635,4.524231,-20.637512,-8.132935
00000913,-0.0366,-0.009949,-0.969543,6.286621,7.942200,-3.051758
00000964,-0.0137,0.000793,-1.014954,1.396179,0.701904,-0.778198
00001015,-0.0029,0.022766,-0.968811,1.724243,0.518799,0.762939
00001066,0.0029,0.009338,-0.978088,0.579834,0.724792,-2.265930
00001116,-0.0305,-0.043884,-0.983948,1.876831,0.846863,0.572205
00001167,0.0076,-0.011414,-0.975647,0.144958,-0.061035,-0.404358
00001218,0.0396,-0.005798,-0.987854,-0.747681,1.502991,0.617981
00001268,0.0044,-0.035095,-0.990784,-6.294250,7.179260,4.768372
00001319,0.1018,-0.245789,-1.454651,5.691528,-11.253357,0.007629
00001370,0.3352,0.355042,1.351013,-211.265564,-6.507874,12.191772
00001421,-0.0615,-0.136414,-0.541565,-2.464294,-2.471924,-5.912781
00001471,0.0291,0.019592,-0.983215,5.989075,5.279541,-0.778198
00001522,0.0339,0.014954,-0.974182,1.243591,-0.915527,-1.075745
00001573,0.0320,0.004700,-0.966858,2.006531,-0.175476,0.839233
00001624,-0.0042,-0.105652,-0.964172,3.410339,0.244141,-1.907349
00001674,0.0100,0.009094,-0.970032,1.678467,-0.328064,-0.289917
00001725,0.0005,-0.055359,-0.973694,0.923157,-0.144958,0.228882
00001776,-0.0271,-0.014587,-0.977356,1.068115,-0.122070,-0.190735
00001827,0.0183,-0.017517,-0.978577,0.740051,-0.312805,0.190735
00001877,-0.0073,0.010559,-0.972961,1.625061,0.106812,-0.022888
00001928,-0.0103,0.015930,-0.982971,-0.450134,0.999451,-0.595093
00001979,0.0017,-0.003113,-0.997131,1.342773,1.289368,-0.083923
00002029,-0.0334,-0.005554,-0.983704,0.717163,0.434875,0.068665
00002080,0.0203,-0.038513,-0.972229,-1.220703,2.395630,-0.587463
00002131,-0.0071,0.006409,-1.007874,0.534058,-0.099182,0.518799
00002182,0.0183,-0.005066,-0.993713,0.595093,0.007629,0.366211
00002232,0.0083,-0.013367,-0.966370,0.022888,-0.473022,0.320435
00002283,-0.0083,0.004700,-0.981262,0.579834,2.555847,-0.610352
00002334,0.0037,-0.055115,-0.972473,0.648499,0.335693,-0.816345
00002384,0.0022,-0.010193,-0.963928,2.220154,0.633240,0.099182
00002435,0.0022,-0.010193,-0.963928,2.220154,0.633240,0.099182
00002536,0.0376,-0.040222,-0.967590,0.114441,-0.343323,-1.037598
00002587,0.0403,-0.012390,-0.983704,1.396179,0.915527,-2.014160
00002637,0.0049,-0.043396,-0.979797,0.518799,0.083923,0.205994
00002688,0.0054,-0.032898,-0.970520,0.564575,-0.091553,-0.282288
00002739,0.0144,-0.013123,-0.995178,1.670837,-0.221252,0.099182
00002789,-0.0007,-0.033630,-1.004211,1.098633,-0.312805,-0.167847
00002840,-0.0164,-0.032898,-0.962952,1.701355,0.671387,-0.312805
00002891,-0.0059,0.011047,-0.985168,0.396729,0.373840,-1.144409
00002942,0.0032,-0.026550,-0.996155,0.015259,-0.083923,-0.862122
00002992,0.0176,-0.010193,-0.963928,1.136780,0.732422,-0.213623
00003043,-0.0254,0.012756,-0.976135,0.595093,0.015259,-0.274658
00003094,0.0078,0.012756,-0.987854,1.029968,0.320435,-0.274658
00003145,0.0046,-0.028748,-0.974426,0.068665,0.137329,0.236511
00003195,0.0396,-0.015808,-0.971741,0.335693,-0.488281,-0.083923
00003246,0.0388,-0.024841,-0.985901,1.136780,0.312805,-0.091553
00003297,-0.0237,-0.000427,-0.965637,1.091003,0.473022,-0.404358
00003348,0.0115,-0.014587,-0.972229,0.984192,0.114441,-0.350952
00003398,0.0063,-0.020447,-0.979065,2.395630,0.823975,0.289917
00003449,0.0061,-0.014343,-0.987366,0.526428,-0.083923,0.328064
00003500,0.0208,-0.019714,-0.962219,0.289917,-0.045776,-0.953674
00003550,0.0278,-0.006287,-0.960266,-0.480652,-0.358582,-0.640869
00003601,0.0020,-0.011414,-0.960999,-0.129700,-0.083923,-0.305176
00003652,0.0151,-0.009949,-0.980530,0.839233,0.129700,-0.503540
00003703,0.0188,-0.006042,-0.967102,0.404358,-0.251770,0.244141
00003753,-0.0203,-0.011902,-0.983704,0.793457,0.602722,0.381470
00003804,-0.0125,-0.027039,-0.971497,1.167297,1.258850,-0.267029
00003855,0.0325,-0.028748,-0.976379,0.251770,0.282288,0.617981
00003905,0.0127,-0.006531,-0.983215,-0.328064,-0.411987,0.358582
00003956,0.0122,-0.010925,-0.981995,0.602722,-0.022888,-0.526428
00004007,-0.0100,-0.006531,-0.970032,1.388550,0.587463,-0.625610
00004058,-0.0007,-0.017517,-0.986633,0.518799,0.366211,-0.556946
00004108,0.0081,-0.029724,-0.981750,0.587463,0.648499,0.160217
00004159,-0.0027,-0.027039,-0.985901,0.686646,-0.305176,-1.113892
00004210,-0.0232,0.014954,-0.980530,0.320435,-0.282288,0.137329
00004261,0.0144,-0.016541,-0.971985,0.938416,0.267029,-0.022888
00004311,0.0486,-0.046570,-0.961731,0.488281,0.541687,-0.129700
00004362,0.0039,-0.034607,-0.986145,0.175476,-0.045776,-0.541687
00004413,0.0154,-0.024597,-1.005432,0.152588,-0.022888,-0.801086
00004463,-0.0100,-0.003113,-0.987610,1.663208,0.709534,0.419617
00004514,0.0066,-0.048035,-0.973206,0.205994,-0.152588,-0.137329
00004565,0.0234,-0.029480,-0.973938,0.183105,-0.007629,0.450134
00004616,0.0176,-0.021667,-0.998352,0.244141,-0.381470,-0.625610
00004666,0.0083,-0.041931,-0.984924,0.762939,-0.076294,0.236511
00004717,0.0071,-0.011902,-0.987610,0.396729,-0.488281,-0.862122
-0004716,0.0000,0.000000,0.000000,0.000000,0.000000,0.000000
-0004716,0.0000,0.000000,0.000000,0.000000,0.000000,0.000000